0.000000000000000000e+00 0.000000000000000000e+00
1.000000000000000056e-01 6.947799999999999809e-02
2.000000000000000111e-01 1.376940000000000108e-01
2.999999999999999889e-01 2.043320000000000136e-01
4.000000000000000222e-01 2.690830000000000166e-01
5.000000000000000000e-01 3.316560000000000064e-01
5.999999999999999778e-01 3.917709999999999804e-01
6.999999999999999556e-01 4.491670000000000385e-01
8.000000000000000444e-01 5.035979999999999901e-01
9.000000000000000222e-01 5.548349999999999671e-01
1.000000000000000000e+00 6.026700000000000390e-01
1.100000000000000089e+00 6.469120000000000426e-01
1.199999999999999956e+00 6.873920000000000030e-01
1.300000000000000044e+00 7.239609999999999657e-01
1.399999999999999911e+00 7.564910000000000245e-01
1.500000000000000000e+00 7.848760000000000181e-01
1.600000000000000089e+00 8.090319999999999734e-01
1.699999999999999956e+00 8.288969999999999949e-01
1.800000000000000044e+00 8.444279999999999564e-01
1.899999999999999911e+00 8.556080000000000352e-01
2.000000000000000000e+00 8.624389999999999556e-01
2.100000000000000089e+00 8.649449999999999639e-01
2.200000000000000178e+00 8.631720000000000503e-01
2.299999999999999822e+00 8.571839999999999460e-01
2.399999999999999911e+00 8.470670000000000144e-01
2.500000000000000000e+00 8.329260000000000552e-01
2.600000000000000089e+00 8.148819999999999952e-01
2.700000000000000178e+00 7.930770000000000319e-01
2.799999999999999822e+00 7.676659999999999595e-01
2.899999999999999911e+00 7.388240000000000363e-01
3.000000000000000000e+00 7.067360000000000309e-01
3.100000000000000089e+00 6.716029999999999500e-01
3.200000000000000178e+00 6.336380000000000345e-01
3.299999999999999822e+00 5.930649999999999533e-01
3.399999999999999911e+00 5.501179999999999959e-01
3.500000000000000000e+00 5.050390000000000157e-01
3.600000000000000089e+00 4.580770000000000119e-01
3.700000000000000178e+00 4.094880000000000186e-01
3.799999999999999822e+00 3.595330000000000470e-01
3.899999999999999911e+00 3.084740000000000260e-01
4.000000000000000000e+00 2.565760000000000263e-01
4.099999999999999645e+00 2.041070000000000384e-01
4.200000000000000178e+00 1.513299999999999923e-01
4.299999999999999822e+00 9.850899999999999934e-02
4.400000000000000355e+00 4.590500000000000136e-02
4.500000000000000000e+00 -6.228000000000000029e-03
4.599999999999999645e+00 -5.763999999999999679e-02
4.700000000000000178e+00 -1.080880000000000035e-01
4.799999999999999822e+00 -1.573380000000000056e-01
4.900000000000000355e+00 -2.051629999999999843e-01
5.000000000000000000e+00 -2.513469999999999871e-01
5.099999999999999645e+00 -2.956849999999999756e-01
5.200000000000000178e+00 -3.379840000000000066e-01
5.299999999999999822e+00 -3.780640000000000112e-01
5.400000000000000355e+00 -4.157569999999999877e-01
5.500000000000000000e+00 -4.509090000000000042e-01
5.599999999999999645e+00 -4.833819999999999784e-01
5.700000000000000178e+00 -5.130519999999999525e-01
5.799999999999999822e+00 -5.398089999999999833e-01
5.900000000000000355e+00 -5.635630000000000361e-01
6.000000000000000000e+00 -5.842340000000000311e-01
6.099999999999999645e+00 -6.017639999999999656e-01
6.200000000000000178e+00 -6.161069999999999602e-01
6.299999999999999822e+00 -6.272349999999999870e-01
6.400000000000000355e+00 -6.351360000000000339e-01
6.500000000000000000e+00 -6.398139999999999938e-01
6.599999999999999645e+00 -6.412889999999999979e-01
6.700000000000000178e+00 -6.395960000000000534e-01
6.799999999999999822e+00 -6.347859999999999614e-01
6.900000000000000355e+00 -6.269219999999999793e-01
7.000000000000000000e+00 -6.160849999999999937e-01
7.099999999999999645e+00 -6.023659999999999570e-01
7.200000000000000178e+00 -5.858719999999999484e-01
7.299999999999999822e+00 -5.667200000000000015e-01
7.400000000000000355e+00 -5.450390000000000512e-01
7.500000000000000000e+00 -5.209700000000000442e-01
7.599999999999999645e+00 -4.946610000000000174e-01
7.700000000000000178e+00 -4.662720000000000198e-01
7.799999999999999822e+00 -4.359700000000000242e-01
7.900000000000000355e+00 -4.039289999999999825e-01
8.000000000000000000e+00 -3.703299999999999925e-01
8.099999999999999645e+00 -3.353570000000000162e-01
8.199999999999999289e+00 -2.992009999999999947e-01
8.300000000000000711e+00 -2.620540000000000092e-01
8.400000000000000355e+00 -2.241140000000000077e-01
8.500000000000000000e+00 -1.855749999999999900e-01
8.599999999999999645e+00 -1.466359999999999886e-01
8.699999999999999289e+00 -1.074919999999999903e-01
8.800000000000000711e+00 -6.833899999999999697e-02
8.900000000000000355e+00 -2.937000000000000027e-02
9.000000000000000000e+00 9.227000000000000826e-03
9.099999999999999645e+00 4.726799999999999752e-02
9.199999999999999289e+00 8.457399999999999640e-02
9.300000000000000711e+00 1.209699999999999803e-01
9.400000000000000355e+00 1.562900000000000122e-01
9.500000000000000000e+00 1.903749999999999887e-01
9.599999999999999645e+00 2.230729999999999935e-01
9.699999999999999289e+00 2.542440000000000255e-01
9.800000000000000711e+00 2.837529999999999775e-01
9.900000000000000355e+00 3.114790000000000059e-01
1.000000000000000000e+01 3.373079999999999967e-01
