0.000000000000000000e+00 2.723777666939369291e-01
1.000000000000000056e-01 3.083566891198654680e-01
2.000000000000000111e-01 3.441984727872905436e-01
3.000000000000000444e-01 3.989915092645455741e-01
4.000000000000000222e-01 4.477130604462687957e-01
5.000000000000000000e-01 4.799435345286107713e-01
6.000000000000000888e-01 5.273826741547361641e-01
7.000000000000000666e-01 5.797571237448552184e-01
8.000000000000000444e-01 6.675956735618017168e-01
9.000000000000000222e-01 7.667541324358401189e-01
1.000000000000000000e+00 8.752788808882652205e-01
1.100000000000000089e+00 1.023811617043491440e+00
1.200000000000000178e+00 1.137532496575296426e+00
1.300000000000000044e+00 1.224686522989184567e+00
1.400000000000000133e+00 1.351267859783611858e+00
1.500000000000000000e+00 1.465787698394540151e+00
1.600000000000000089e+00 1.576213664870830033e+00
1.700000000000000178e+00 1.696983137481411053e+00
1.800000000000000044e+00 1.813167816791676934e+00
1.900000000000000133e+00 1.953697628387742968e+00
2.000000000000000000e+00 2.083254659927739727e+00
2.100000000000000089e+00 2.232764131182328526e+00
2.200000000000000178e+00 2.399228865430122593e+00
2.300000000000000266e+00 2.572648844930002898e+00
2.400000000000000355e+00 2.767107523738448815e+00
2.500000000000000000e+00 2.968752967710505342e+00
2.600000000000000089e+00 3.179503613189807343e+00
2.700000000000000178e+00 3.360643677662559448e+00
2.800000000000000266e+00 3.515711071451277814e+00
2.900000000000000355e+00 3.687056071353288278e+00
3.000000000000000000e+00 3.857064378968811269e+00
3.100000000000000089e+00 4.045778396988279901e+00
3.200000000000000178e+00 4.255663742692989970e+00
3.300000000000000266e+00 4.444411896746832902e+00
3.400000000000000355e+00 4.669164920782691297e+00
3.500000000000000000e+00 4.939466510852338565e+00
3.600000000000000089e+00 5.203743413281722852e+00
3.700000000000000178e+00 5.428767123756099267e+00
3.800000000000000266e+00 5.656567799025120635e+00
3.900000000000000355e+00 5.932363143348268864e+00
4.000000000000000000e+00 6.186350610546468509e+00
4.100000000000000533e+00 6.435488056332956397e+00
4.200000000000000178e+00 6.687095193094636514e+00
4.299999999999999822e+00 6.941327061048498948e+00
4.400000000000000355e+00 7.212942309083054226e+00
4.500000000000000000e+00 7.465914202357600615e+00
4.600000000000000533e+00 7.709271467559105417e+00
4.700000000000000178e+00 7.989238903624965360e+00
4.800000000000000711e+00 8.278078477601306773e+00
4.900000000000000355e+00 8.549781410601221765e+00
5.000000000000000000e+00 8.840252432859376341e+00
5.100000000000000533e+00 9.117482123785038084e+00
5.200000000000000178e+00 9.407789641849792162e+00
5.300000000000000711e+00 9.714690007457269516e+00
5.400000000000000355e+00 1.000579599785881335e+01
5.500000000000000000e+00 1.029322809296432872e+01
5.600000000000000533e+00 1.058357086477109732e+01
5.700000000000000178e+00 1.090680446967978057e+01
5.800000000000000711e+00 1.126424515449295249e+01
5.900000000000000355e+00 1.161046925941314889e+01
6.000000000000000000e+00 1.196441502774054122e+01
6.100000000000000533e+00 1.235276713235431956e+01
6.200000000000000178e+00 1.274012521670537978e+01
6.300000000000000711e+00 1.308849482929766772e+01
6.400000000000000355e+00 1.343622796261681707e+01
6.500000000000000000e+00 1.379604850144497874e+01
6.600000000000000533e+00 1.417292923408980698e+01
6.700000000000000178e+00 1.457740244936637453e+01
6.800000000000000711e+00 1.497647149249279863e+01
6.900000000000000355e+00 1.539229759501477801e+01
7.000000000000000000e+00 1.582935880717783128e+01
7.100000000000000533e+00 1.623708782008901963e+01
7.200000000000000178e+00 1.660908243398099771e+01
7.300000000000000711e+00 1.697821694076323240e+01
7.400000000000000355e+00 1.738646405518013438e+01
7.500000000000000000e+00 1.780650715515979954e+01
7.600000000000000533e+00 1.819886584402143370e+01
7.700000000000000178e+00 1.859753854812889884e+01
7.800000000000000711e+00 1.900404395945189862e+01
7.900000000000000355e+00 1.945355932279756317e+01
8.000000000000000000e+00 1.990268837413605496e+01
8.099999999999999645e+00 2.033300919486801916e+01
8.200000000000001066e+00 2.080981429520106829e+01
8.300000000000000711e+00 2.129458152568629714e+01
8.400000000000000355e+00 2.178215958132660290e+01
8.500000000000000000e+00 2.227713286826155326e+01
8.599999999999999645e+00 2.274316716138678629e+01
8.700000000000001066e+00 2.318393183899237542e+01
8.800000000000000711e+00 2.363988601500686570e+01
8.900000000000000355e+00 2.412024657969721275e+01
9.000000000000000000e+00 2.461503108457099742e+01
9.099999999999999645e+00 2.514470514758079744e+01
9.200000000000001066e+00 2.568137960411074516e+01
9.300000000000000711e+00 2.620940296200919306e+01
9.400000000000000355e+00 2.673359120969838187e+01
9.500000000000000000e+00 2.723972888312557927e+01
9.600000000000001421e+00 2.774449970041434810e+01
9.700000000000001066e+00 2.824602401750436087e+01
9.800000000000000711e+00 2.878636460250348250e+01
9.900000000000000355e+00 2.936523971659703491e+01
1.000000000000000000e+01 2.990532670629002610e+01
