0.000000000000000000e+00 3.557444180270500356e-01
1.000000000000000056e-01 3.638340304915211321e-01
2.000000000000000111e-01 3.530016428569798803e-01
3.000000000000000444e-01 7.428590866881210619e-01
4.000000000000000222e-01 2.315719369463427602e-01
5.000000000000000000e-01 4.130375447004972500e-01
6.000000000000000888e-01 5.357452478220104952e-01
7.000000000000000666e-01 5.117437439803711463e-01
8.000000000000000444e-01 1.245027252358558156e+00
9.000000000000000222e-01 7.381419251222103295e-01
1.000000000000000000e+00 1.432353043926290148e+00
1.100000000000000089e+00 1.538301679178235126e+00
1.200000000000000178e+00 7.361159114578650353e-01
1.300000000000000044e+00 1.006964616819898239e+00
1.400000000000000133e+00 1.524662119068648014e+00
1.500000000000000000e+00 7.657346531499165110e-01
1.600000000000000089e+00 1.442784676375879371e+00
1.700000000000000178e+00 9.726047758357398987e-01
1.800000000000000044e+00 1.351088810369578841e+00
1.900000000000000133e+00 1.459507421551742290e+00
2.000000000000000000e+00 1.131633209248191774e+00
2.100000000000000089e+00 1.858556215843583770e+00
2.200000000000000178e+00 1.470738469112293778e+00
2.300000000000000266e+00 1.997661120885309671e+00
2.400000000000000355e+00 1.891512455283608674e+00
2.500000000000000000e+00 2.141396424157520961e+00
2.600000000000000089e+00 2.073616485428517731e+00
2.700000000000000178e+00 1.549184804026522366e+00
2.800000000000000266e+00 1.552163071747841849e+00
2.900000000000000355e+00 1.874736926292366768e+00
3.000000000000000000e+00 1.525429226018092610e+00
3.100000000000000089e+00 2.248851134371283589e+00
3.200000000000000178e+00 1.948855779722926673e+00
3.300000000000000266e+00 1.826107301353935952e+00
3.400000000000000355e+00 2.668953179363229733e+00
3.500000000000000000e+00 2.737078622029723185e+00
3.600000000000000089e+00 2.548459426557957652e+00
3.700000000000000178e+00 1.952014782929571535e+00
3.800000000000000266e+00 2.603998722450860726e+00
3.900000000000000355e+00 2.911908164012104283e+00
4.000000000000000000e+00 2.167841179951895292e+00
4.100000000000000533e+00 2.814907735777856246e+00
4.200000000000000178e+00 2.217234999455748756e+00
4.299999999999999822e+00 2.867402359621501695e+00
4.400000000000000355e+00 2.564902601069599442e+00
4.500000000000000000e+00 2.494535264421337661e+00
4.600000000000000533e+00 2.372610039608765486e+00
4.700000000000000178e+00 3.226738681708430700e+00
4.800000000000000711e+00 2.550052797818410877e+00
4.900000000000000355e+00 2.884005862179892521e+00
5.000000000000000000e+00 2.925414582983180800e+00
5.100000000000000533e+00 2.619179235530043393e+00
5.200000000000000178e+00 3.186971125765020840e+00
5.300000000000000711e+00 2.951036186384527582e+00
5.400000000000000355e+00 2.871083621646339346e+00
5.500000000000000000e+00 2.877558280463971219e+00
5.600000000000000533e+00 2.929297155671395814e+00
5.700000000000000178e+00 3.535374942502270468e+00
5.800000000000000711e+00 3.613438753761175182e+00
5.900000000000000355e+00 3.311043344642757624e+00
6.000000000000000000e+00 3.767872021905092961e+00
6.100000000000000533e+00 3.999170070370470675e+00
6.200000000000000178e+00 3.747991616650728552e+00
6.300000000000000711e+00 3.219400635195018623e+00
6.400000000000000355e+00 3.735262031187957188e+00
6.500000000000000000e+00 3.461148745375287827e+00
6.600000000000000533e+00 4.076465907521272136e+00
6.700000000000000178e+00 4.012998398010086731e+00
6.800000000000000711e+00 3.968382464518406039e+00
6.900000000000000355e+00 4.348139585921170891e+00
7.000000000000000000e+00 4.393084657339899834e+00
7.100000000000000533e+00 3.761495600883850265e+00
7.200000000000000178e+00 3.678396676955685507e+00
7.300000000000000711e+00 3.704293458688984408e+00
7.400000000000000355e+00 4.460648829649086267e+00
7.500000000000000000e+00 3.940213169944229321e+00
7.600000000000000533e+00 3.906960607288422871e+00
7.700000000000000178e+00 4.066493474860874535e+00
7.800000000000000711e+00 4.063614751599152086e+00
7.900000000000000355e+00 4.926692515314118559e+00
8.000000000000000000e+00 4.055888511455751910e+00
8.099999999999999645e+00 4.550527903183528622e+00
8.200000000000001066e+00 4.985574103477445895e+00
8.300000000000000711e+00 4.709770506227095588e+00
8.400000000000000355e+00 5.041790606579035661e+00
8.500000000000000000e+00 4.857675132119993577e+00
8.599999999999999645e+00 4.463010730384702640e+00
8.700000000000001066e+00 4.352282821727093243e+00
8.800000000000000711e+00 4.766800698562715155e+00
8.900000000000000355e+00 4.840410595244194703e+00
9.000000000000000000e+00 5.055279502231468491e+00
9.099999999999999645e+00 5.538201757964501759e+00
9.200000000000001066e+00 5.195287372634470380e+00
9.300000000000000711e+00 5.365179785334521334e+00
9.400000000000000355e+00 5.118585168449272693e+00
9.500000000000000000e+00 5.004168300094653077e+00
9.600000000000001421e+00 5.091248045680715428e+00
9.700000000000001066e+00 4.939238296119528471e+00
9.800000000000000711e+00 5.867573403862928139e+00
9.900000000000000355e+00 5.709928878008117437e+00
1.000000000000000000e+01 5.091810915851688435e+00
